% Controller
Kp = 60;
Ki = 100;
Kd = 1;
Jeq_est   = 8.0039e-7;
Beq_est   = 6.9524e-7;
tausf_est = 0.009891358609609;