% Controller
Kp = 17.9859;
Ki = 147.481;
Kd = 0.5484;
Jeq_est   = 8.0039e-7;
Beq_est   = 6.9524e-7;
tausf_est = 0.009891358609609;